# generated by gladevcp.persistence.create_default_ini() on Sun Jul 14 14:43:43 2019
[ini]
	version = 1
	signature = f53c1840e1a84f27dd982048ddb0d8d6a0989840
[vars]
	PROBE_TIME = 528.197007896
	PIERCE_COUNT = 34
	TORCH_TIME = 140.326085807
	CUT_LENGTH = 237.73875901
	RAPID_TIME = 160.334882259
	CUT_TIME = 515.97
	RUN_TIME = 2429.19318605
# last update  by gladevcp.persistence.save_state() on Thu Sep 10 18:44:55 2020 
