# generated by gladevcp.persistence.create_default_ini() on Sun Jul 14 14:43:43 2019
[ini]
	version = 1
	signature = f53c1840e1a84f27dd982048ddb0d8d6a0989840
[vars]
	PROBE_TIME = 389.118067266
	PIERCE_COUNT = 16
	TORCH_TIME = 130.569979668
	CUT_LENGTH = 200.710270058
	RAPID_TIME = 26.3277285099
	CUT_TIME = 485.275
	RUN_TIME = 1700.41575504
# last update  by gladevcp.persistence.save_state() on Thu Sep 10 17:27:20 2020 
